4
4
 
0000
0000
0000
0000
#
1111
1111
1111
1111
[
1000
1000
1000
1000
!
0100
0100
0100
0100
|
0010
0010
0010
0010
]
0001
0001
0001
0001
/
0001
0010
0100
1000
/
0000
0001
0010
0100
/
0001
0100
1000
0000
^
0110
1001
0000
0000
^
0000
0000
1001
0110
"
1111
1111
0000
0000
-
0000
1111
0000
0000
~
0000
1110
0111
0000
_
0000
0000
0000
1111
_
0000
0000
1111
0000
\
1000
0100
0010
0001
\
0100
0010
0001
0000
\
0000
1000
0100
0010
<
0011
1100
1100
0011
<
0100
1000
1000
0100
>
1100
0011
0011
1100
>
0010
0001
0001
0010
X
1001
0110
0110
1001
V
1001
1001
0110
0110
V
1001
0110
0000
0000
v
0000
0000
1001
0110
+
0110
1111
1111
0110
7
1111
0010
0100
1000
O
1111
1001
1001
1111
U
1001
1001
1001
1111
.
0000
0000
1000
1100
.
0000
0000
0001
0011
'
1100
1000
0000
0000
'
0011
0001
0000
0000
L
1000
1000
1000
1111